ひよこ,ぴよぴよ,1420012423
ひよこ,ぴよぴよ,1420012434
ひよこ,ぴよぴよ,1420012476
ひよこ,ぴよぴよ,1420102423
ひよこ,ぴよぴよ,1420382423
なじょー,本日初公開,1425140136
なじょー,携帯からこんばんは,1425229984
山内です,動作確認のコメントです,1425279948
山内です,もう一度、投稿します,1425280468
